132 0 12
132 96 11
132 216 10
132 564 25
132 856 24
132 1152 23
132 1400 22
132 3620 23
132 3760 22
132 9672 23
132 10088 24
132 10384 25
132 10640 10
132 12556 11
132 12720 2
132 13328 11
132 16212 10
132 16520 25
132 17696 10
132 17712 25
132 18444 24
132 18484 9
132 18692 1
132 19016 5
132 19540 4
132 19920 5
132 20308 16
132 21524 15
132 21648 14
132 22060 15
132 22172 14
132 22652 15
132 22660 4
132 22780 15
132 22940 4
132 23076 13
132 23252 14
132 23352 13
132 23396 14
132 24032 13
132 24516 14
132 24956 13
132 27295 4
132 27420 5
132 27836 6
132 28132 17
132 28152 16
132 28264 17
132 28676 16
132 28727 5
132 28936 16
132 30256 15
132 30400 4
132 30968 3
132 30992 1
132 31156 3
132 31204 2
132 31316 9
132 31595 1
132 31739 5
132 32000 1
132 32027 5
132 32092 4
132 32192 3
132 32380 12
132 32848 13
132 33068 12
132 33508 13
132 33536 12
132 33572 13
132 33824 14
132 34160 13
132 34284 4
132 34512 5
132 34788 6
132 35168 17
132 35196 6
132 35820 5
132 35968 6
132 35988 7
132 36120 8
132 36204 21
132 36340 22
132 36996 23
132 37104 24
132 37208 9
132 37276 8
132 37648 23
132 38044 22
132 38148 23
132 38364 8
132 38396 23
132 38616 8
132 38708 9
132 38892 1
132 39092 5
132 39136 4
132 39216 5
132 39552 16
132 40744 15
132 40892 16
132 41256 5
132 41316 16
132 41324 5
132 41328 15
132 41332 4
132 41432 15
132 41540 14
132 41784 15
132 41984 4
132 42112 5
132 42380 6
132 42564 5
132 42876 16
132 43212 17
132 43828 18
132 44008 19
132 44120 17
132 44308 18
132 44380 17
132 44624 16
132 44980 5
132 45216 16
132 45524 5
132 45732 1
132 45792 5
132 45796 4
132 46640 5
132 46812 1
132 47288 5
132 47544 1
132 47552 3
132 47632 1
132 47788 7
132 47796 8
132 47964 23
132 48124 22
132 48228 21
132 48300 8
132 48324 7
132 48448 6
132 48460 5
132 48892 16
132 49020 15
132 49168 14
132 49852 15
132 50096 4
132 50124 15
132 50144 4
132 51204 15
132 51516 4
132 51784 5
132 51912 1
132 52028 7
132 52040 8
132 52220 21
132 52348 22
132 52820 23
132 52828 8
132 52960 7
132 53008 1
132 53067 5
132 53755 4
132 53788 3
132 53888 2
132 53932 11
132 53984 10
132 54144 11
132 54260 12
132 54372 13
132 56724 14
132 56776 13
132 56824 14
132 56940 13
132 57208 14
132 57296 13
132 58496 14
132 58616 15
132 58708 16
132 58724 15
132 58796 16
132 59584 15
132 59791 14
132 60991 13
132 61552 14
132 62108 13
132 62236 4
132 62400 15
132 62452 16
132 62567 5
132 62648 6
132 62752 17
132 62779 18
132 63516 17
132 63679 16
132 64512 15
132 64679 14
132 65260 13
132 65520 4
132 65540 15
132 65648 16
132 65932 5
132 66016 6
132 66044 7
132 66148 20
132 66160 21
132 66256 22
132 66440 23
132 66548 24
132 66632 25
132 66780 10
132 66896 11
132 66996 12
132 67060 13
132 67316 14
132 67400 15
132 67872 14
132 68424 15
132 68704 16
132 69332 15
132 69592 14
132 69984 13
132 70048 4
132 70256 5
132 70360 16
132 70428 17
132 70568 18
132 71212 17
132 71300 16
132 71332 5
132 71724 16
132 71784 5
132 71932 1
132 72016 9
132 72028 8
132 72124 23
132 72196 22
132 72480 23
132 72564 9
132 72632 1
132 72640 3
132 72700 4
132 72776 13
132 72984 14
132 73340 13
132 73588 14
132 73796 15
132 74016 16
132 74224 5
132 74420 6
132 74476 17
132 74544 18
132 75148 17
132 75224 16
132 75368 15
132 75484 14
132 75920 13
132 76044 4
132 76092 5
132 76104 1
132 76204 7
132 76212 8
132 76304 23
132 76544 8
132 76580 9
132 76612 1
132 76664 5
132 76672 4
132 76836 13
132 76856 14
132 77152 13
132 77204 14
132 77304 15
132 77392 16
132 77476 17
132 77572 18
132 77972 17
132 77980 6
132 78028 5
132 78188 4
132 78216 5
132 78452 1
132 78516 8
132 78636 23
132 78688 22
132 78712 21
132 78788 8
132 78804 7
132 78852 5
132 78932 16
132 79368 5
132 79452 6
132 79468 7
132 79568 8
132 79776 23
132 80464 22
132 80476 21
132 80628 8
132 80644 7
132 80692 6
132 80704 5
132 80776 16
132 80840 15
132 80928 14
132 81168 15
132 81248 16
132 81520 17
132 81672 18
132 82004 17
132 82056 16
132 82112 15
132 82192 14
132 82220 13
132 82232 14
132 82596 15
132 82640 4
132 82712 13
132 83660 12
132 83768 11
132 83872 10
132 84228 11
132 84384 12
132 84480 13
132 84584 14
132 84624 15
132 84680 16
132 84736 17
132 84812 18
132 85692 17
132 85744 18
132 86152 17
132 86200 18
132 89220 17
132 89344 6
132 89360 5
132 90160 16
132 90252 15
132 90324 4
132 90392 15
132 90540 16
132 90704 17
132 90804 18
132 91496 17
132 91552 16
132 91720 15
132 91740 16
132 91780 15
132 91812 16
132 91936 17
132 92076 18
132 92508 19
132 92516 6
132 92568 5
132 92728 4
132 92800 15
132 92860 14
132 93204 15
132 93272 16
132 93464 17
132 93588 18
132 94920 17
132 95288 8
132 95300 1
132 95304 8
132 95308 3
132 95324 2
132 95328 9
132 95332 2
132 95336 9
132 95340 2
132 95344 8
132 95360 9
132 95372 3
132 95376 12
132 95388 8
132 95392 12
132 95396 2
132 95412 17
132 95428 18
132 95456 17
132 95464 6
132 95468 20
132 95472 7
132 95476 20
132 95480 6
132 95488 1
132 95492 7
132 95500 1
132 95508 6
132 95512 7
132 95516 20
132 95520 19
132 95528 20
132 95540 7
132 95544 8
132 95576 1
132 95580 7
132 95592 20
132 95604 19
132 95616 18
132 95644 17
132 95652 18
132 95656 19
132 95876 17
132 95908 20
132 95912 18
132 95996 7
132 96104 6
132 96116 19
132 96132 6
132 96156 19
132 96288 20
132 96292 19
132 96632 6
132 96772 5
132 97152 16
132 97188 5
132 97268 16
132 97712 5
132 97892 6
132 97912 5
132 98084 4
132 98168 13
132 98200 14
132 98644 13
132 98780 12
132 98852 11
132 98928 10
132 99604 25
132 99640 2
132 99740 9
132 99796 24
132 99844 23
132 100156 8
132 100188 9
132 100232 1
132 100304 5
132 100492 16
132 100496 15
132 100608 14
132 100916 15
132 101004 16
132 101136 5
132 104320 16
132 104444 15
132 104556 14
132 105583 15
132 105616 14
132 106044 15
132 106176 16
132 106311 5
132 106340 16
132 106348 17
132 107111 6
132 107128 5
132 107904 16
132 107924 5
132 108464 16
132 108508 5
132 108628 16
132 108668 5
132 108992 16
132 109011 5
132 109964 16
132 110044 15
132 110192 14
132 110448 13
132 110800 14
132 111216 13
132 111304 4
132 111383 5
132 111559 6
132 111896 5
132 112228 16
132 112540 5
132 113164 16
132 113428 5
132 113488 16
132 113728 17
132 113924 6
132 113928 5
132 114124 6
132 114140 7
132 114396 20
132 114764 7
132 114811 8
132 114932 7
132 115056 1
132 115068 5
132 115264 16
132 115340 5
132 116064 16
132 117096 5
132 117324 7
132 117400 8
132 117540 23
132 117596 22
132 117883 21
132 117904 8
132 117940 7
132 117980 1
132 117992 5
132 118708 6
132 118840 5
132 118872 6
132 118896 5
132 118916 16
132 119252 5
132 119359 16
132 119411 15
132 119511 14
132 120148 13
132 120844 14
132 121116 13
132 121311 12
132 121344 3
132 121404 1
132 121440 5
132 121528 6
132 121640 17
132 121824 18
132 123004 17
132 123276 16
132 123296 5
132 123440 16
132 123516 15
132 123592 14
132 123904 15
132 124208 4
132 124216 5
132 124368 16
132 124408 15
132 124552 14
132 124983 13
132 124988 4
132 126259 15
132 126300 14
132 126444 13
132 126656 4
132 126700 15
132 127108 16
132 127132 15
132 127540 16
132 128068 15
132 128328 16
132 128820 5
132 129448 16
132 129568 15
132 129640 14
132 129980 15
132 130372 16
132 130408 5
132 130492 1
132 130548 7
132 130552 8
132 130652 7
132 130756 6
132 130776 5
132 131896 17
132 133180 16
132 133436 5
132 133544 1
132 133608 7
132 133644 8
132 133692 21
132 133780 22
132 133996 21
132 134020 8
132 134056 7
132 134100 5
132 134396 16
132 134504 5
132 135884 6
132 135940 17
132 136580 18
132 137096 17
132 137168 18
132 137508 17
132 137584 16
132 137688 5
132 137776 1
132 137828 9
132 137868 8
132 137880 23
132 138048 24
132 138052 9
132 138100 1
132 138128 3
132 138144 4
132 138248 13
132 138252 14
132 138508 15
132 138736 16
132 138840 15
132 138864 16
132 139044 15
132 139056 16
132 139248 15
132 139876 16
132 140316 15
132 140452 14
132 140780 15
132 140896 16
132 140980 17
132 141760 16
132 141780 5
132 141812 4
132 141916 5
132 142004 1
132 142056 9
132 142072 8
132 142124 23
132 142160 22
132 142312 21
132 142360 8
132 142368 7
132 142420 6
132 142436 5
132 143236 6
132 143380 5
132 144092 6
132 144232 17
132 144528 6
132 144632 5
132 145224 16
132 145240 15
132 145780 14
132 145800 15
132 146436 13
132 146488 4
132 146728 5
132 146736 4
132 146788 15
132 146908 16
132 147000 5
132 147568 6
132 147888 5
132 148244 16
132 148568 5
132 148604 16
132 148648 15
132 148680 4
132 148708 15
132 149212 16
132 149228 5
132 149352 6
132 149380 7
132 149444 20
132 149456 21
132 149700 8
132 149736 7
132 149764 1
132 149788 5
132 150172 16
132 150184 17
132 150348 18
132 150552 17
132 150700 16
132 151028 17
132 151252 6
132 151372 19
132 151388 18
132 151504 19
132 151656 6
132 151744 5
132 152252 6
132 152268 17
132 152520 6
132 152524 19
132 152624 20
132 152736 21
132 152840 22
132 152908 23
132 152976 24
132 153000 9
132 153052 1
132 153072 3
132 153100 4
132 153200 13
132 153212 14
132 153464 15
132 153508 16
132 153736 15
132 153784 16
132 153816 5
132 153844 16
132 154784 5
132 154876 6
132 155120 17
132 155132 18
132 155888 19
132 155976 6
132 156604 7
132 156696 20
132 156704 21
132 156784 22
132 156840 23
132 156936 8
132 156944 9
132 156992 1
132 157036 5
132 157048 4
132 157528 5
132 157564 1
132 157792 5
132 158024 6
132 158040 17
132 158120 18
132 158204 19
132 158356 20
132 158452 21
132 158528 22
132 159120 21
132 159144 8
132 159168 7
132 159216 6
132 159248 5
132 159964 16
132 160024 15
132 160112 14
132 160588 15
132 160660 16
132 160744 17
132 160992 6
132 161020 17
132 161100 18
132 161432 19
132 161536 6
132 161624 5
132 162016 6
132 162020 17
132 162160 6
132 162288 7
132 162532 6
132 162588 5
132 162752 16
132 163172 5
132 163276 1
132 163320 9
132 163368 23
132 163640 8
132 163648 9
132 163684 1
132 163728 5
132 163748 4
132 163892 13
132 163900 14
132 164248 13
132 164316 4
132 164368 5
132 164932 16
132 164968 17
132 165024 18
132 165172 19
132 165244 6
132 165300 5
132 165312 16
132 165400 15
132 165484 14
132 165844 13
132 165876 14
132 165888 15
132 165932 16
132 165996 17
132 166072 18
132 166148 19
132 166200 6
132 166324 5
132 166416 16
132 166444 15
132 166520 14
132 166652 13
132 167612 4
132 167624 15
132 167680 16
132 167724 17
132 167812 18
132 167880 17
132 167972 6
132 167984 5
132 168132 1
132 168164 7
132 168216 8
132 168228 21
132 168344 8
132 168368 23
132 168420 24
132 168476 25
132 168552 10
132 168640 11
132 168712 12
132 168780 13
132 168884 14
132 168952 15
132 169008 16
132 169060 17
132 169140 18
132 169516 17
132 169564 5
132 169636 4
132 169700 13
132 169776 14
132 169876 13
132 170364 14
132 170472 15
132 170520 16
132 170564 17
132 170628 18
132 170860 17
132 170952 16
132 171012 15
132 171088 14
132 171220 13
132 171676 14
132 171740 15
132 171788 16
132 171828 17
132 172080 16
132 172084 5
132 172156 4
132 172376 5
132 172444 1
132 172492 7
132 172504 8
132 172612 21
132 172640 20
132 172704 19
132 172756 18
132 172768 17
132 173004 16
132 173028 5
132 173052 4
132 173068 15
132 173104 14
132 173112 13
132 173172 14
132 173332 15
132 173380 16
132 173512 17
132 173612 18
132 173624 19
132 173704 20
132 173764 21
132 173824 22
132 173904 23
132 174012 8
132 174028 9
132 174072 1
132 174124 5
132 174128 4
132 174260 13
132 174292 14
132 174520 15
132 174568 16
132 174616 17
132 174964 16
132 175004 5
132 175024 4
132 175124 15
132 175184 14
132 175608 15
132 175668 16
132 175724 17
132 175864 6
132 175936 5
132 176012 4
132 176040 15
132 176072 14
132 176128 13
132 176232 14
132 176464 13
132 176492 4
132 176556 5
132 176976 6
132 177124 19
132 177380 18
132 177460 17
132 177516 16
132 177588 15
132 177640 16
132 177852 17
132 177944 18
132 178840 17
132 178884 16
132 178928 15
132 178972 14
132 178980 13
132 179056 14
132 179204 15
132 179244 16
132 179288 17
132 179536 16
132 179564 5
132 179592 4
132 179668 3
132 179752 1
132 179796 9
132 179816 8
132 179884 21
132 179888 20
132 179968 21
