133 0 7
133 4 20
133 8 7
133 16 20
133 20 7
133 28 6
133 36 5
133 668 16
133 680 5
133 35264 15
133 35436 4
133 35464 5
133 38276 1
133 38944 5
133 39380 4
133 39852 5
133 40752 16
133 40904 5
133 43488 1
133 44060 5
133 44464 4
133 44668 13
133 44776 14
133 46628 15
133 46632 4
133 46788 5
133 47816 6
133 48040 5
133 49720 1
133 50036 5
133 50052 4
133 50392 5
133 50744 16
133 52636 17
133 53184 18
133 54579 17
133 54755 18
133 54767 19
133 54852 6
133 54944 7
133 55236 8
133 55760 21
133 55840 22
133 56596 21
133 56655 8
133 56904 9
133 57091 1
133 57228 5
133 57372 4
133 57540 13
133 57555 14
133 59004 13
133 59072 14
133 59312 13
133 59416 4
133 59591 5
133 61440 6
133 61491 7
133 61496 1
133 61636 7
133 61696 8
133 62476 23
133 63300 8
133 63388 23
133 63512 24
133 63832 25
133 64055 24
133 64355 25
133 64548 10
133 64991 11
133 65124 12
133 65296 13
133 65556 14
133 65600 13
133 66664 14
133 66948 15
133 67124 16
133 67136 5
133 67304 16
133 67340 17
133 67444 6
133 67448 5
133 67780 4
133 67804 15
133 67944 14
133 68164 15
133 68260 4
133 68324 5
133 69380 1
133 69520 7
133 69540 6
133 69560 5
133 69936 16
133 70072 5
133 70452 16
133 70800 5
133 71280 1
133 71424 5
133 72064 1
133 72116 7
133 72180 8
133 72460 21
133 72900 8
133 72952 7
133 73180 6
133 73296 5
133 73448 6
133 73620 17
133 73896 18
133 74000 17
133 74544 18
133 74616 17
133 74744 18
133 74792 17
133 75064 6
133 75184 17
133 75320 18
133 75356 17
133 75520 6
133 75604 5
133 75856 4
133 76072 13
133 76164 14
133 77068 13
133 77248 4
133 77364 5
133 77464 1
133 77696 9
133 77712 8
133 78224 21
133 78360 22
133 79020 23
133 79092 8
133 79508 23
133 79852 8
133 80040 7
133 80148 1
133 80168 5
133 80352 16
133 80392 15
133 81664 14
133 82080 13
133 82148 14
133 82560 13
133 82748 14
133 82760 13
133 82864 14
133 83600 15
133 83680 4
133 83704 5
133 83784 16
133 84104 5
133 84904 6
133 84968 17
133 85052 18
133 86980 17
133 86988 18
133 87672 17
133 87768 6
133 87808 5
133 87908 6
133 87976 5
133 88332 4
133 88460 13
133 88584 14
133 89148 13
133 89324 12
133 89464 11
133 89580 10
133 93748 11
133 93816 2
133 93868 3
133 94008 4
133 94020 5
133 94284 16
133 94408 5
133 94696 1
133 94904 5
133 95292 4
133 95376 3
133 95492 1
133 95516 5
133 95676 4
133 95972 5
133 96184 16
133 96216 15
133 96348 14
133 96448 15
133 96508 14
133 96564 15
133 96940 14
133 103283 13
133 103500 12
133 103616 11
133 103716 10
133 103924 11
133 103928 2
133 104044 9
133 104164 8
133 105492 23
133 105559 22
133 105596 21
133 105752 8
133 106152 9
133 106156 1
133 106252 5
133 107532 4
133 107548 5
133 109059 16
133 109080 15
133 109188 14
133 111700 15
133 111752 4
133 111788 5
133 111956 16
133 111996 5
133 112183 16
133 112380 5
133 112544 16
133 112596 5
133 112748 4
133 112776 15
133 112844 14
133 113288 13
133 113364 14
133 115568 13
133 115748 12
133 115852 11
133 116011 10
133 118880 25
133 119468 10
133 121116 25
133 121135 2
133 121440 3
133 121528 1
133 121540 5
133 122611 16
133 122644 5
133 122676 16
133 122728 15
133 122820 14
133 123276 15
133 123352 4
133 123368 5
133 124076 6
133 124172 17
133 124235 18
133 125672 17
133 125735 6
133 125772 17
133 125892 18
133 125964 17
133 125972 6
133 126024 17
133 126208 18
133 126308 17
133 126464 18
133 127124 17
133 127288 16
133 127335 5
133 127528 1
133 127944 5
133 128248 1
133 128376 5
133 129183 16
133 129292 15
133 129372 14
133 130420 13
133 130600 14
133 130644 15
133 130652 4
133 130732 5
133 131748 4
133 131840 15
133 131844 14
133 132200 13
133 132304 4
133 132624 13
133 132708 14
133 133432 13
133 133612 4
133 133696 5
133 133788 16
133 133944 5
133 134544 6
133 134608 5
133 135120 16
133 135144 5
133 136772 4
133 136872 13
133 136936 14
133 137080 13
133 138092 14
133 138328 13
133 138424 14
133 138992 13
133 139208 14
133 139372 15
133 139484 16
133 139848 5
133 139856 16
133 140112 5
133 140884 16
133 140904 15
133 140952 16
133 141208 5
133 141320 16
133 141672 5
133 141816 6
133 142072 5
133 143484 4
133 143696 5
133 143860 1
133 143944 7
133 143972 8
133 144136 21
133 144296 8
133 144460 21
133 144560 8
133 145552 21
133 145696 8
133 145792 7
133 146100 8
133 146284 7
133 146500 8
133 147012 7
133 147128 6
133 147136 5
133 147400 16
133 147464 17
133 147692 16
133 147708 17
133 147728 16
133 147944 5
133 148116 4
133 148220 15
133 148232 14
133 148516 15
133 148988 4
133 149036 5
133 149148 16
133 149220 5
133 150108 1
133 150252 5
133 150556 1
133 150828 5
133 150892 4
133 151088 3
133 151656 4
133 151880 5
133 152124 16
133 152240 5
133 152460 6
133 153036 5
133 154532 4
133 154540 15
133 154616 14
133 155840 13
133 155920 14
133 156420 15
133 156512 4
133 156540 5
133 156632 16
133 156748 5
133 157248 6
133 157340 5
133 157796 6
133 157860 7
133 157976 20
133 158000 7
133 158016 8
133 158140 7
133 158324 6
133 158332 5
133 158872 16
133 159096 5
133 159404 16
133 159444 17
133 159568 18
133 160124 17
133 160172 6
133 160228 5
133 160652 6
133 160820 7
133 160904 8
133 160936 21
133 161052 22
133 161412 23
133 161540 22
133 162444 21
133 162448 8
133 162672 9
133 162728 8
133 162936 7
133 162996 1
133 163024 5
133 163168 15
133 163248 14
133 163740 13
133 163916 14
133 164416 13
133 164564 12
133 164652 11
133 164748 10
133 166100 11
133 166184 2
133 166224 3
133 166320 4
133 166336 5
133 166568 16
133 166604 5
133 167356 4
133 167440 15
133 167444 14
133 167768 13
133 168636 14
133 169072 13
133 169208 4
133 169292 5
133 169376 16
133 169444 17
133 169660 16
133 169672 5
133 169744 16
133 169796 15
133 169880 14
133 170156 15
133 170264 14
133 170812 13
133 170864 14
133 170880 13
133 170892 14
133 171252 15
133 171772 4
133 171776 5
133 171876 16
133 171996 15
133 172084 14
133 173352 15
133 173444 4
133 173452 5
133 173544 6
133 173636 17
133 173672 18
133 175256 19
133 175900 20
133 176120 19
133 176320 20
133 176372 7
133 176432 8
133 176596 7
133 176648 1
133 176708 5
133 178448 4
133 178796 5
133 179556 6
133 179580 5
133 179968 4
