138 0 2
138 8 25
138 12 10
138 532 25
138 560 2
138 740 3
138 784 1
138 916 5
138 3760 1
138 3852 7
138 3888 8
138 4884 23
138 5244 22
138 6108 21
138 6132 8
138 7448 9
138 7544 24
138 8464 25
138 8628 10
138 9980 25
138 10008 2
138 10148 3
138 10172 1
138 10268 5
138 10608 16
138 10880 15
138 10968 14
138 13072 15
138 13136 4
138 13184 5
138 16096 1
138 16252 3
138 16284 2
138 16380 11
138 16604 10
138 17696 11
138 17704 2
138 17792 3
138 17828 1
138 17956 5
138 18492 4
138 18596 15
138 18616 14
138 19064 15
138 19096 4
138 19164 5
138 20328 1
138 20456 7
138 20488 8
138 21144 7
138 21228 1
138 21272 5
138 25188 6
138 25204 17
138 25584 18
138 26368 19
138 26568 6
138 26595 7
138 26695 20
138 26836 8
138 27356 1
138 27436 5
138 28132 16
138 28172 15
138 28300 14
138 30660 15
138 30704 4
138 30739 5
138 33596 4
138 33860 13
138 33896 14
138 34452 13
138 34580 12
138 35404 3
138 35472 4
138 35496 5
138 35820 1
138 35900 3
138 35920 2
138 36068 11
138 36076 10
138 36604 25
138 36708 10
138 38160 25
138 38284 24
138 38596 23
138 38908 22
138 40216 21
138 40232 8
138 40420 23
138 40560 24
138 40864 25
138 41196 10
138 41532 11
138 41632 2
138 41652 3
138 41724 1
138 41736 5
138 43660 16
138 44724 17
138 44832 18
138 46588 17
138 46780 6
138 46796 5
138 47080 16
138 47116 15
138 47200 14
138 51279 15
138 51300 4
138 51367 5
138 51908 1
138 51976 9
138 52000 8
138 52540 21
138 52832 20
138 52979 19
138 53708 6
138 53791 5
138 54600 16
138 54624 15
138 55728 14
138 56848 13
138 57140 12
138 57208 11
138 57272 10
138 58824 25
138 58920 24
138 58940 9
138 59028 8
138 59404 23
138 59676 22
138 60532 21
138 60567 8
138 60876 21
138 60908 20
138 61372 21
138 61484 8
138 61924 23
138 62704 8
138 62952 9
138 63236 1
138 63364 5
138 65788 4
138 65872 15
138 65908 14
138 68532 15
138 68552 4
138 68636 5
138 74084 1
138 74092 7
138 74208 8
138 74500 7
138 74596 20
138 74640 19
138 74896 18
138 75600 17
138 75804 16
138 76084 5
138 78940 4
138 78964 3
138 79180 12
138 79304 13
138 79336 12
138 79508 11
138 79580 10
138 81784 25
138 81968 24
138 82176 23
138 82300 8
138 82344 23
138 82424 22
138 83420 21
138 84996 22
138 85020 21
138 85044 22
138 85380 21
138 85552 8
138 85928 9
138 85936 24
138 86796 25
138 86868 2
138 86964 9
138 87052 1
138 87124 5
138 88728 17
138 89172 18
138 90316 19
138 90328 6
138 90400 5
