140 0 21
140 4 8
140 8 23
140 52 8
140 328 23
140 640 8
140 896 7
140 1032 6
140 1108 19
140 1284 18
140 3244 17
140 3856 16
140 4120 5
140 4580 4
140 4640 3
140 4688 4
140 4724 13
140 5464 14
140 6536 13
140 6968 12
140 7000 3
140 7080 2
140 7172 25
140 7300 10
140 7404 25
140 7516 24
140 7595 23
140 8008 8
140 8156 23
140 10264 8
140 10640 7
140 10808 6
140 13391 17
140 14147 18
140 14884 19
140 14932 6
140 15024 5
140 15288 4
140 15336 15
140 15391 14
140 17648 13
140 17960 12
140 18100 11
140 18176 10
140 18988 25
140 19036 2
140 19064 9
140 19168 8
140 19360 23
140 19420 22
140 19848 23
140 20024 24
140 20604 9
140 20616 8
140 20984 21
140 21180 20
140 21288 19
140 21416 18
140 21880 17
140 21948 6
140 21956 5
140 22104 16
140 22148 15
140 22336 16
140 22372 15
140 22504 14
140 23760 13
140 24156 14
140 24304 13
140 24500 14
140 24944 13
140 25048 12
140 25076 3
140 25140 4
140 25260 5
140 26836 16
140 26848 17
140 27104 16
140 27136 5
140 27476 1
140 27524 3
140 27580 2
140 27664 25
140 27748 10
140 28127 11
140 28348 12
140 28416 13
140 29156 14
140 29816 15
140 30327 16
140 30456 17
140 30568 18
140 32060 17
140 32080 6
140 32127 5
140 32308 1
140 32327 3
140 32683 12
140 32908 11
140 32980 10
140 33468 25
140 33536 24
140 33876 23
140 34516 22
140 34640 21
140 35004 22
140 35792 23
140 36040 24
140 36144 25
140 36240 10
140 36600 11
140 36656 2
140 36708 3
140 36724 1
140 36920 5
140 37172 4
140 37228 15
140 38780 14
140 38792 15
140 38972 14
140 40192 15
140 42380 4
140 47952 15
140 56091 14
140 60536 13
140 60996 14
140 62884 13
140 62967 14
140 63228 13
140 63379 4
140 63808 5
140 64536 1
140 64676 9
140 64779 24
140 65096 23
140 66028 8
140 66036 23
140 66064 8
140 66232 23
140 66336 8
140 66828 21
140 67408 20
140 67856 19
140 67936 18
140 69544 19
140 69812 20
140 69936 21
140 70420 22
140 71256 23
140 71764 8
140 71900 7
140 71904 1
140 72020 5
140 72600 16
140 72888 17
140 73136 18
140 73876 17
140 74180 6
140 74208 5
140 74928 4
140 74960 3
140 75060 12
140 75104 11
140 75192 10
140 77220 25
140 77640 24
140 77652 9
140 77752 8
140 78620 21
140 79244 8
140 79620 7
140 79780 6
140 79820 5
140 80412 16
140 80852 15
140 81060 14
140 82400 13
140 82768 4
140 83096 5
140 83288 4
140 83304 5
140 83328 16
140 83808 15
140 84040 14
140 87176 13
140 87848 12
140 88144 11
140 88228 10
140 89364 25
140 89448 24
140 89604 23
140 90164 22
140 91620 21
140 91916 22
140 92340 23
140 92844 8
140 92900 21
140 93212 8
140 93280 23
140 94108 24
140 94252 25
140 94388 10
140 96528 11
140 96536 10
140 97012 11
140 97304 2
140 97400 9
140 98304 8
140 98412 23
140 98996 8
140 100012 21
140 100464 20
140 100884 19
140 100980 18
140 101588 17
140 101672 16
140 101708 5
140 102420 16
140 105548 5
140 106359 4
140 106440 5
140 106480 4
140 106516 5
140 106568 4
140 106580 5
140 106928 4
140 107032 5
140 107488 4
140 107608 15
140 108392 14
140 109876 15
140 109892 4
140 110183 5
140 110380 16
140 110556 17
140 110824 18
140 111980 17
140 111992 6
140 112068 5
140 112576 1
140 112644 3
140 113372 1
140 113400 5
140 113583 1
140 113588 3
140 113711 4
140 113811 3
140 113920 12
140 113964 11
140 114072 10
140 114704 11
140 114928 12
140 115156 13
140 115400 14
140 116520 13
140 116680 12
140 116804 11
140 116944 10
140 117240 11
140 117508 12
140 118040 13
140 118564 14
140 122680 13
140 122732 4
140 122976 3
140 123108 4
140 123116 5
140 127111 6
140 127235 19
140 127411 18
140 128292 17
140 128328 6
140 128388 5
140 128516 1
140 128644 9
140 128716 24
140 129240 23
140 129376 22
140 133284 21
140 133376 22
140 134336 23
140 134344 8
140 134552 23
140 134984 24
140 135160 25
140 135228 10
140 136356 25
140 136548 9
140 136640 8
140 137884 9
140 137904 1
140 138168 5
140 140460 1
140 140508 5
140 142732 4
140 142860 13
140 142864 14
140 143992 15
140 144060 4
140 144260 5
140 144748 16
140 145704 17
140 145904 18
140 147016 19
140 147024 6
140 147108 7
140 147216 8
140 148144 21
140 149668 20
140 150904 7
140 150952 8
140 151628 7
140 151940 6
140 151964 5
140 152276 6
140 152628 17
140 153124 18
140 157280 17
140 157296 6
140 157448 5
140 158472 16
140 158620 15
140 162708 16
140 163556 15
140 163684 16
140 164140 15
140 164176 16
140 164184 15
140 167812 4
140 169020 3
140 169100 4
140 169592 13
140 170960 14
140 171448 13
140 171808 12
140 171928 11
140 171952 2
140 172028 25
140 173948 2
140 174020 1
140 174096 5
140 174232 16
